version https://git-lfs.github.com/spec/v1
oid sha256:af39d498d4dafe3f4bca1b7c858ef5c7619fce2645dcfcdbcd7fb47170cb6e59
size 15681641
